64 64 45
61
49 38 12 2.168258 865.399109
47 38 13 2.185696 822.088196
49 39 13 -1.595269 805.562561
49 35 14 -3.010602 834.004944
50 37 14 -0.712712 717.207947
50 40 14 3.173530 739.329956
47 38 15 -2.157921 689.385010
47 35 16 2.333129 801.043884
50 36 16 -2.431935 637.706787
52 36 16 -0.751580 798.391174
52 36 17 -2.152122 683.069824
48 38 17 -3.869076 811.201172
47 40 17 -1.771695 786.581116
51 39 18 2.183431 767.290283
50 34 19 -2.722180 727.971863
51 35 19 -4.238210 645.057434
44 38 19 -2.732234 778.180847
55 38 19 3.861576 901.018372
50 33 20 -2.665489 790.030579
50 34 20 -2.224019 673.969177
52 39 20 1.515764 850.819275
47 31 21 3.141672 787.928589
52 34 21 -4.657130 749.511719
47 37 21 3.928652 804.625916
50 37 21 -0.864599 714.321228
48 38 21 4.787008 880.147644
45 31 22 0.000291 704.864319
47 35 22 1.212953 751.062256
48 35 22 1.369167 769.338379
51 38 22 1.032406 821.750427
44 29 23 -2.867028 682.803772
45 29 23 -4.214340 657.413757
46 29 23 -3.322851 719.106018
46 30 23 -2.887579 795.798645
44 29 24 -1.842502 683.909363
45 30 24 1.284284 623.376038
46 30 24 1.692195 680.678284
46 32 24 -1.907629 619.320251
48 32 24 2.201632 646.375854
43 28 25 1.645799 643.717529
45 29 25 -1.469415 660.705383
40 32 25 4.584131 746.570129
50 35 25 4.718592 842.076294
39 30 26 1.441589 723.066895
43 30 26 -2.031454 596.090942
41 31 26 -2.488698 632.054016
40 32 26 2.497670 792.291931
37 26 27 2.154278 612.617249
41 29 27 1.483037 716.636597
41 31 27 1.919898 617.442322
44 33 27 4.535308 713.065674
37 24 28 -5.794923 712.918762
36 25 28 -2.157699 612.238159
41 29 28 3.172999 761.571960
45 30 28 -1.615574 679.272949
44 32 28 -0.315656 667.229248
42 29 29 1.787699 806.291321
41 30 29 5.845484 880.120911
36 28 30 -1.482235 760.524353
44 28 30 1.777558 901.795227
39 27 31 -2.314005 620.784119
0 0 0 -0.000000 0.000000
